<?xml version="1.0"?>
<opencv_storage>
<img_shape type_id="opencv-matrix">
  <rows>2</rows>
  <cols>1</cols>
  <dt>d</dt>
  <data>
    2048. 2048.</data></img_shape>
<rms>9.7275207372780892e-02</rms>
<cam_int type_id="opencv-matrix">
  <rows>3</rows>
  <cols>3</cols>
  <dt>d</dt>
  <data>
    2.1748413014923340e+03 0. 9.9300864885847602e+02 0.
    2.1783876461475634e+03 1.0309240194958479e+03 0. 0. 1.</data></cam_int>
<cam_dist type_id="opencv-matrix">
  <rows>5</rows>
  <cols>1</cols>
  <dt>d</dt>
  <data>
    -1.1322989107047558e-01 1.0351800903131897e-01
    -1.5973944840907059e-04 -8.4975841092942259e-04
    1.2765092427634003e-02</data></cam_dist>
<cam_rvecs type_id="opencv-matrix">
  <rows>13</rows>
  <cols>3</cols>
  <dt>d</dt>
  <data>
    -9.3936444793218485e-02 1.6646674693343683e-01
    1.5557950432245080e+00 -2.3004482985526889e-01
    -1.0769769368837223e-01 1.5643137603365109e+00
    9.5508932329288282e-02 3.0630576398287795e-01 1.5767487088129968e+00
    1.3246091246388871e-02 2.8996350063405330e-01 1.7022898157135451e+00
    -1.2649405427227026e-01 2.3929357161659806e-01
    1.3798569477883214e+00 2.4391375447213129e-01 3.8487825947178633e-01
    1.4009531015728083e+00 2.2801202779192195e-01 2.9761349400047377e-01
    1.5334756378894479e+00 -2.6854529319477366e-01
    -1.1068678987943305e-02 1.8900017899752257e+00
    2.5926902383906208e-01 3.2765280827322013e-01 1.5604514898999688e+00
    -2.6199237310300411e-01 1.4600036815737790e-02
    1.5225861253814483e+00 -2.2577489859016689e-01
    9.3167892635785954e-02 1.6506513550019761e+00
    -1.6999599146776606e-01 2.1498896298950074e-01
    1.3428954128173356e+00 4.3907996541497046e-02 5.5253831308891756e-02
    1.5530566864118125e+00</data></cam_rvecs>
<cam_tvecs type_id="opencv-matrix">
  <rows>13</rows>
  <cols>3</cols>
  <dt>d</dt>
  <data>
    -1.3355784880300325e+01 -4.3182544218237290e-01
    9.6359020976185306e+01 -4.6103242490744458e+00
    -5.4441200581213400e-01 9.5429211593651402e+01
    3.1677469038578256e+00 -5.1069809842216685e-01
    9.2479983358470577e+01 1.5538161215833997e+01
    -7.0666669350479738e-01 9.2615697282394450e+01
    1.1224721287842938e+01 -9.0528312245283100e+00
    9.4614105474409044e+01 4.8703234302282059e+00
    -9.2295162318579020e+00 9.0255068896311499e+01
    -1.5501375995438522e+00 -7.4854182483577887e+00
    9.2040108390532836e+01 -8.1116532296722941e+00
    -7.4160372204507352e+00 9.5031415069397980e+01
    -1.2205527736259668e+01 -1.7176566732664732e+01
    9.2077227178609235e+01 -7.4574072505151170e+00
    -1.7069905637296490e+01 9.5575097152780600e+01
    5.9840636258098705e+00 -1.7157577293640866e+01
    9.4861756378820473e+01 1.1156278372348725e+01
    -1.8762091870251265e+01 9.5413883618795580e+01
    8.6328852819956445e+00 -1.0388873952647256e+01
    9.6246925997281750e+01</data></cam_tvecs>
<proj_int type_id="opencv-matrix">
  <rows>3</rows>
  <cols>3</cols>
  <dt>d</dt>
  <data>
    1.8010107966967673e+03 0. 5.2585212485510704e+02 0.
    1.8061414105086367e+03 6.5615338644435303e+02 0. 0. 1.</data></proj_int>
<proj_dist type_id="opencv-matrix">
  <rows>1</rows>
  <cols>5</cols>
  <dt>d</dt>
  <data>
    1.3766962820813220e-02 1.6717571691938563e-01 2.0861690847042823e-03
    2.9698832431756899e-04 -2.8576839245326885e-01</data></proj_dist>
<proj_rvecs type_id="opencv-matrix">
  <rows>13</rows>
  <cols>3</cols>
  <dt>d</dt>
  <data>
    -8.1015316068048557e-02 1.5453234299332705e-01
    1.5507766061139046e+00 -2.1405466550325397e-01
    -1.1138885384389473e-01 1.5566687565130550e+00
    1.0842761906379145e-01 2.9403901113028630e-01 1.5728314195065674e+00
    2.8220138259292801e-02 2.7791967039026555e-01 1.6978061314837563e+00
    -1.1275954231750102e-01 2.3161340452349005e-01
    1.3747599954661280e+00 2.5794507513191767e-01 3.7293568883413947e-01
    1.3978121503229670e+00 2.4322856837407641e-01 2.8649009838716694e-01
    1.5298575543759625e+00 -2.5899380279769285e-01
    -2.2110504711111395e-02 1.8831319019601078e+00
    2.7411452561966282e-01 3.1590519671428829e-01 1.5574951349560979e+00
    -2.4817006555708512e-01 7.9563457510425997e-03
    1.5160427732343167e+00 -2.1402360819570915e-01
    8.4995598490583441e-02 1.6443122440736679e+00
    -1.5640919275039361e-01 2.0706715400517897e-01
    1.3374734286286740e+00 5.1442402144352972e-02 4.4794252308831432e-02
    1.5469628157979813e+00</data></proj_rvecs>
<proj_tvecs type_id="opencv-matrix">
  <rows>13</rows>
  <cols>3</cols>
  <dt>d</dt>
  <data>
    -1.3338366877601853e+01 -1.4164473238750348e+01
    9.7330599573455927e+01 -4.5841086458752880e+00
    -1.4328488161749769e+01 9.6333927094271957e+01
    3.1959880836587775e+00 -1.4295571832614149e+01
    9.3338322121089504e+01 1.5568780497064271e+01
    -1.4579372433346171e+01 9.3407321991148379e+01
    1.1207379603487789e+01 -2.2923422521051616e+01
    9.5315373436425048e+01 4.8422618201831149e+00
    -2.2995348062607174e+01 9.1019830043485641e+01
    -1.5661033724792222e+00 -2.1232868007453302e+01
    9.2831491622930145e+01 -8.1217976186093033e+00
    -2.1164060994401563e+01 9.5843987135019702e+01
    -1.2291129667552084e+01 -3.0859576513969344e+01
    9.2802436463992294e+01 -7.5230686119672727e+00
    -3.0825217329640594e+01 9.6223922179315892e+01
    5.9109879786589525e+00 -3.0978102511577525e+01
    9.5441140768481390e+01 1.1074097195159339e+01
    -3.2621870671539547e+01 9.5977318565610872e+01
    8.6187120547013958e+00 -2.4252096962895237e+01
    9.6934309657860936e+01</data></proj_tvecs>
<rotation type_id="opencv-matrix">
  <rows>3</rows>
  <cols>3</cols>
  <dt>d</dt>
  <data>
    9.9997663846054108e-01 6.3465428813532085e-03 2.5384890410429448e-03
    -6.3126069443975785e-03 9.9989347280294982e-01
    -1.3160320650437516e-02 -2.6217411622610036e-03
    1.3143988721538588e-02 9.9991017698279594e-01</data></rotation>
<translation type_id="opencv-matrix">
  <rows>3</rows>
  <cols>1</cols>
  <dt>d</dt>
  <data>
    -1.9883543025987171e-01 -1.2545971778561642e+01
    8.5778421279412698e-01</data></translation>
<fund_mtx type_id="opencv-matrix">
  <rows>3</rows>
  <cols>3</cols>
  <dt>d</dt>
  <data>
    -4.7845750904273636e-09 1.2751476804402117e-07
    3.2778881868527881e-03 -1.0676577064254030e-07
    -1.0018863167807966e-09 5.2609323881185554e-05
    -2.7498224643485868e-03 -3.9628597045011995e-05 1.</data></fund_mtx>
</opencv_storage>
